%YAML:1.0
---
K: !!opencv-matrix
   rows: 3
   cols: 3
   dt: d
   data: [ 1.0782018350302910e+03, 0., 6.8488257623049458e+02, 0.,
       1.0731300009906045e+03, 4.0874271976568428e+02, 0., 0., 1. ]
D: !!opencv-matrix
   rows: 1
   cols: 5
   dt: d
   data: [ 1.6432722275407252e-01, -9.3790113595675928e-01,
       4.2506270095950408e-03, 5.9325981460957291e-03,
       2.2813393511874880e+00 ]
